Lin to 250^x
-----------------
21 points
[ 0.0000000000 0.0012768841 0.0029597459 0.0051776638 0.0081007557 0.0119532275 0.0170305701 0.0237222239 0.0325414499 0.0441646969 0.0594834872 0.0796727968 0.1062811790 0.1413495402 0.1875676810 0.2484806084 0.3287604435 0.4345647811 0.5740089868 0.7577886593 1.0000000000 ]

201 points
[ 0.0000000000 0.0001124173 0.0002279815 0.0003467804 0.0004689048 0.0005944477 0.0007235048 0.0008561744 0.0009925577 0.0011327586 0.0012768841 0.0014250438 0.0015773509 0.0017339213 0.0018948744 0.0020603329 0.0022304229 0.0024052741 0.0025850197 0.0027697967 0.0029597459 0.0031550122 0.0033557444 0.0035620955 0.0037742227 0.0039922877 0.0042164569 0.0044469009 0.0046837955 0.0049273213 0.0051776638 0.0054350139 0.0056995677 0.0059715269 0.0062510987 0.0065384963 0.0068339386 0.0071376510 0.0074498649 0.0077708183 0.0081007557 0.0084399287 0.0087885958 0.0091470228 0.0095154829 0.0098942568 0.0102836334 0.0106839093 0.0110953898 0.0115183884 0.0119532275 0.0124002386 0.0128597624 0.0133321491 0.0138177589 0.0143169618 0.0148301383 0.0153576797 0.0158999879 0.0164574764 0.0170305701 0.0176197057 0.0182253324 0.0188479117 0.0194879183 0.0201458398 0.0208221778 0.0215174479 0.0222321798 0.0229669185 0.0237222239 0.0244986718 0.0252968539 0.0261173787 0.0269608716 0.0278279754 0.0287193511 0.0296356782 0.0305776550 0.0315459995 0.0325414499 0.0335647648 0.0346167242 0.0356981301 0.0368098065 0.0379526009 0.0391273843 0.0403350522 0.0415765250 0.0428527490 0.0441646969 0.0455133688 0.0468997926 0.0483250251 0.0497901525 0.0512962917 0.0528445906 0.0544362294 0.0560724211 0.0577544131 0.0594834872 0.0612609614 0.0630881905 0.0649665672 0.0668975233 0.0688825306 0.0709231021 0.0730207930 0.0751772024 0.0773939738 0.0796727968 0.0820154085 0.0844235944 0.0868991900 0.0894440823 0.0920602110 0.0947495702 0.0975142097 0.1003562367 0.1032778176 0.1062811790 0.1093686104 0.1125424648 0.1158051615 0.1191591874 0.1226070989 0.1261515240 0.1297951644 0.1335407973 0.1373912776 0.1413495402 0.1454186022 0.1496015651 0.1539016171 0.1583220358 0.1628661904 0.1675375447 0.1723396592 0.1772761941 0.1823509120 0.1875676810 0.1929304774 0.1984433887 0.2041106170 0.2099364819 0.2159254239 0.2220820079 0.2284109264 0.2349170036 0.2416051983 0.2484806084 0.2555484744 0.2628141835 0.2702832738 0.2779614382 0.2858545292 0.2939685629 0.3023097240 0.3108843702 0.3196990371 0.3287604435 0.3380754960 0.3476512948 0.3574951384 0.3676145302 0.3780171831 0.3887110262 0.3997042105 0.4110051151 0.4226223537 0.4345647811 0.4468414999 0.4594618676 0.4724355036 0.4857722965 0.4994824119 0.5135762997 0.5280647024 0.5429586633 0.5582695347 0.5740089868 0.5901890163 0.6068219558 0.6239204832 0.6414976312 0.6595667973 0.6781417540 0.6972366593 0.7168660677 0.7370449408 0.7577886593 0.7791130342 0.8010343192 0.8235692231 0.8467349222 0.8705490735 0.8950298287 0.9201958471 0.9460663106 0.9726609380 1.0000000000 ]


Lin to 10^x
-----------------
11 points
[ 0 0.02876949 0.064988132 0.110584702 0.167987381 0.240253073 0.33123019 0.445763593 0.589952605 0.771475816 1 ]

51 points
[ 0 0.005236505 0.0107198 0.016461513 0.022473826 0.02876949 0.03536186 0.042264918 0.049493308 0.057062361 0.064988132 0.073287434 0.08197787 0.091077873 0.100606746 0.110584702 0.121032903 0.131973514 0.143429739 0.15542588 0.167987381 0.181140888 0.1949143 0.209336834 0.22443908 0.240253073 0.256812357 0.274152056 0.29230895 0.311321551 0.33123019 0.352077093 0.37390648 0.396764655 0.420700103 0.445763593 0.472008289 0.49948986 0.528266597 0.55839954 0.589952605 0.62299272 0.657589968 0.693817733 0.731752861 0.771475816 0.813070857 0.856626211 0.902234266 0.949991762 1 ]

101 points
[ 0 0.00258811 0.005236505 0.007946589 0.0107198 0.013557606 0.016461513 0.019433062 0.022473826 0.025585419 0.02876949 0.032027728 0.03536186 0.038773654 0.042264918 0.045837505 0.049493308 0.053234265 0.057062361 0.060979624 0.064988132 0.069090011 0.073287434 0.077582628 0.08197787 0.08647549 0.091077873 0.09578746 0.100606746 0.105538289 0.110584702 0.115748661 0.121032903 0.126440232 0.131973514 0.137635682 0.143429739 0.149358757 0.15542588 0.161634324 0.167987381 0.17448842 0.181140888 0.187948312 0.1949143 0.202042548 0.209336834 0.216801025 0.22443908 0.232255048 0.240253073 0.248437397 0.256812357 0.265382396 0.274152056 0.283125988 0.29230895 0.30170581 0.311321551 0.321161272 0.33123019 0.341533642 0.352077093 0.362866132 0.37390648 0.385203991 0.396764655 0.408594601 0.420700103 0.433087577 0.445763593 0.458734871 0.472008289 0.485590885 0.49948986 0.513712584 0.528266597 0.543159617 0.55839954 0.573994447 0.589952605 0.606282477 0.62299272 0.640092195 0.657589968 0.675495316 0.693817733 0.712566935 0.731752861 0.751385685 0.771475816 0.792033907 0.813070857 0.83459782 0.856626211 0.879167709 0.902234266 0.925838112 0.949991762 0.974708023 1 ]

501 points
[ 0 0.000512866 0.001028098 0.00154571 0.00206571 0.00258811 0.003112922 0.003640156 0.004169824 0.004701937 0.005236505 0.005773542 0.006313057 0.006855062 0.007399569 0.007946589 0.008496135 0.009048217 0.009602847 0.010160037 0.0107198 0.011282146 0.011847087 0.012414636 0.012984805 0.013557606 0.014133051 0.014711151 0.015291921 0.015875371 0.016461513 0.017050362 0.017641928 0.018236225 0.018833266 0.019433062 0.020035626 0.020640972 0.021249112 0.021860059 0.022473826 0.023090426 0.023709872 0.024332178 0.024957355 0.025585419 0.026216381 0.026850256 0.027487057 0.028126797 0.02876949 0.02941515 0.030063789 0.030715423 0.031370065 0.032027728 0.032688427 0.033352175 0.034018988 0.034688878 0.03536186 0.036037948 0.036717158 0.037399502 0.038084996 0.038773654 0.03946549 0.04016052 0.040858758 0.041560219 0.042264918 0.04297287 0.043684089 0.044398591 0.045116392 0.045837505 0.046561947 0.047289733 0.048020878 0.048755398 0.049493308 0.050234624 0.050979362 0.051727538 0.052479167 0.053234265 0.053992849 0.054754934 0.055520537 0.056289674 0.057062361 0.057838614 0.058618451 0.059401887 0.060188939 0.060979624 0.061773959 0.06257196 0.063373645 0.06417903 0.064988132 0.06580097 0.066617559 0.067437917 0.068262062 0.069090011 0.069921781 0.070757391 0.071596858 0.0724402 0.073287434 0.074138579 0.074993653 0.075852673 0.076715659 0.077582628 0.078453599 0.07932859 0.080207619 0.081090707 0.08197787 0.082869128 0.0837645 0.084664005 0.085567662 0.08647549 0.087387508 0.088303736 0.089224193 0.090148899 0.091077873 0.092011135 0.092948705 0.093890602 0.094836847 0.09578746 0.09674246 0.097701869 0.098665705 0.099633991 0.100606746 0.101583992 0.102565748 0.103552035 0.104542875 0.105538289 0.106538297 0.107542921 0.108552182 0.109566102 0.110584702 0.111608003 0.112636028 0.113668798 0.114706335 0.115748661 0.116795798 0.117847768 0.118904594 0.119966299 0.121032903 0.122104432 0.123180906 0.124262348 0.125348783 0.126440232 0.127536719 0.128638268 0.129744901 0.130856641 0.131973514 0.133095541 0.134222748 0.135355158 0.136492794 0.137635682 0.138783845 0.139937308 0.141096095 0.14226023 0.143429739 0.144604646 0.145784977 0.146970755 0.148162007 0.149358757 0.150561032 0.151768855 0.152982254 0.154201254 0.15542588 0.156656159 0.157892116 0.159133779 0.160381173 0.161634324 0.16289326 0.164158006 0.165428591 0.16670504 0.167987381 0.169275641 0.170569848 0.171870028 0.17317621 0.17448842 0.175806688 0.17713104 0.178461506 0.179798112 0.181140888 0.182489862 0.183845062 0.185206518 0.186574258 0.187948312 0.189328707 0.190715474 0.192108643 0.193508241 0.1949143 0.196326849 0.197745919 0.199171538 0.200603738 0.202042548 0.203488 0.204940123 0.206398949 0.207864509 0.209336834 0.210815954 0.212301902 0.213794709 0.215294406 0.216801025 0.218314599 0.219835159 0.221362737 0.222897367 0.22443908 0.225987909 0.227543888 0.229107048 0.230677424 0.232255048 0.233839954 0.235432176 0.237031747 0.238638702 0.240253073 0.241874897 0.243504206 0.245141036 0.246785421 0.248437397 0.250096997 0.251764258 0.253439215 0.255121902 0.256812357 0.258510615 0.260216711 0.261930682 0.263652565 0.265382396 0.267120211 0.268866047 0.270619942 0.272381933 0.274152056 0.27593035 0.277716852 0.279511601 0.281314633 0.283125988 0.284945704 0.286773819 0.288610372 0.290455403 0.29230895 0.294171052 0.29604175 0.297921082 0.299809089 0.30170581 0.303611286 0.305525558 0.307448666 0.30938065 0.311321551 0.313271412 0.315230273 0.317198175 0.319175161 0.321161272 0.323156551 0.325161039 0.32717478 0.329197816 0.33123019 0.333271944 0.335323123 0.33738377 0.339453928 0.341533642 0.343622955 0.345721912 0.347830558 0.349948936 0.352077093 0.354215072 0.35636292 0.358520683 0.360688404 0.362866132 0.365053912 0.367251789 0.369459812 0.371678027 0.37390648 0.37614522 0.378394293 0.380653747 0.382923631 0.385203991 0.387494878 0.389796338 0.392108422 0.394431178 0.396764655 0.399108903 0.401463972 0.403829911 0.406206771 0.408594601 0.410993454 0.413403379 0.415824428 0.418256652 0.420700103 0.423154832 0.425620891 0.428098334 0.430587211 0.433087577 0.435599484 0.438122986 0.440658135 0.443204986 0.445763593 0.44833401 0.450916291 0.453510492 0.456116667 0.458734871 0.461365161 0.464007591 0.466662218 0.469329099 0.472008289 0.474699846 0.477403827 0.480120288 0.482849288 0.485590885 0.488345136 0.4911121 0.493891836 0.496684403 0.49948986 0.502308266 0.505139681 0.507984165 0.510841779 0.513712584 0.516596639 0.519494006 0.522404747 0.525328923 0.528266597 0.53121783 0.534182686 0.537161227 0.540153516 0.543159617 0.546179594 0.54921351 0.55226143 0.555323418 0.55839954 0.561489861 0.564594446 0.567713361 0.570846672 0.573994447 0.57715675 0.58033365 0.583525214 0.58673151 0.589952605 0.593188568 0.596439468 0.599705373 0.602986353 0.606282477 0.609593815 0.612920438 0.616262416 0.619619819 0.62299272 0.626381189 0.629785299 0.633205122 0.636640729 0.640092195 0.643559592 0.647042993 0.650542474 0.654058107 0.657589968 0.661138131 0.664702671 0.668283665 0.671881188 0.675495316 0.679126126 0.682773696 0.686438101 0.690119421 0.693817733 0.697533116 0.701265648 0.705015409 0.708782478 0.712566935 0.71636886 0.720188334 0.724025438 0.727880253 0.731752861 0.735643344 0.739551785 0.743478267 0.747422872 0.751385685 0.755366789 0.75936627 0.763384211 0.767420698 0.771475816 0.775549653 0.779642293 0.783753824 0.787884332 0.792033907 0.796202635 0.800390605 0.804597906 0.808824626 0.813070857 0.817336687 0.821622207 0.825927509 0.830252682 0.83459782 0.838963014 0.843348357 0.847753942 0.852179862 0.856626211 0.861093084 0.865580574 0.870088778 0.874617791 0.879167709 0.883738628 0.888330646 0.89294386 0.897578367 0.902234266 0.906911656 0.911610635 0.916331304 0.921073763 0.925838112 0.930624452 0.935432885 0.940263513 0.945116437 0.949991762 0.954889591 0.959810026 0.964753174 0.969719138 0.974708023 0.979719937 0.984754984 0.989813272 0.994894908 1 ]

2. Lin to 100^x
101 points
[ 0 0.000476046 0.000974527 0.001496501 0.002043075 0.002615408 0.003214715 0.003842265 0.004499392 0.005187487 0.005908012 0.006662494 0.007452534 0.008279807 0.009146068 0.010053155 0.011002991 0.011997592 0.013039067 0.014129625 0.01527158 0.016467353 0.017719482 0.019030621 0.020403553 0.021841188 0.023346578 0.024922914 0.026573541 0.028301959 0.030111835 0.032007008 0.033991498 0.036069514 0.038245464 0.040523963 0.042909844 0.045408169 0.048024236 0.050763595 0.053632055 0.056635702 0.059780906 0.063074339 0.066522987 0.070134165 0.073915532 0.07787511 0.082021297 0.086362887 0.090909091 0.09566955 0.100654363 0.105874103 0.111339842 0.117063173 0.123056236 0.129331744 0.135903007 0.142783964 0.149989211 0.157534031 0.165434427 0.173707157 0.182369769 0.191440638 0.200939003 0.210885013 0.221299763 0.232205345 0.243624892 0.255582625 0.268103909 0.281215303 0.294944618 0.309320976 0.32437487 0.340138233 0.3566445 0.373928683 0.392027445 0.410979175 0.430824073 0.451604232 0.47336373 0.496148721 0.520007536 0.544990782 0.571151452 0.598545036 0.627229641 0.657266109 0.688718152 0.721652485 0.756138965 0.792250742 0.830064415 0.869660192 0.91112206 0.954537966 1 ]

3. Lin to 500^x good for EQ
101 points
[ 0 0.000128493 0.000265224 0.000410722 0.000565549 0.000730303 0.000905621 0.00109218 0.001290701 0.00150195 0.001726745 0.001965952 0.002220497 0.002491363 0.002779596 0.00308631 0.00341269 0.003759997 0.004129572 0.004522844 0.004941331 0.005386651 0.005860523 0.00636478 0.006901368 0.007472361 0.008079965 0.008726526 0.009414545 0.010146677 0.010925752 0.011754779 0.012636962 0.013575709 0.014574646 0.015637632 0.016768775 0.017972444 0.01925329 0.020616261 0.022066622 0.023609977 0.025252289 0.026999902 0.028859569 0.030838473 0.03294426 0.035185065 0.037569546 0.040106915 0.042806973 0.045680154 0.048737557 0.051990993 0.055453033 0.059137051 0.06305728 0.067228865 0.071667924 0.076391604 0.081418157 0.086767001 0.092458801 0.098515547 0.104960638 0.111818973 0.11911705 0.126883064 0.135147017 0.143940836 0.153298496 0.163256148 0.173852262 0.185127776 0.197126251 0.209894041 0.223480473 0.237938038 0.253322589 0.269693564 0.28711421 0.305651828 0.325378038 0.346369048 0.368705955 0.392475055 0.417768177 0.444683038 0.47332362 0.503800573 0.53623164 0.570742115 0.607465326 0.646543147 0.688126551 0.732376191 0.77946302 0.829568951 0.882887564 0.939624847 1 ]

201 points
[ 0.0000000000 0.0000632482 0.0001284925 0.0001957961 0.0002652238 0.0003368426 0.0004107219 0.0004869328 0.0005655490 0.0006466464 0.0007303033 0.0008166004 0.0009056212 0.0009974516 0.0010921802 0.0011898985 0.0012907009 0.0013946847 0.0015019504 0.0016126014 0.0017267446 0.0018444903 0.0019659522 0.0020912475 0.0022204972 0.0023538262 0.0024913631 0.0026332409 0.0027795964 0.0029305710 0.0030863105 0.0032469652 0.0034126904 0.0035836460 0.0037599971 0.0039419139 0.0041295723 0.0043231533 0.0045228438 0.0047288368 0.0049413311 0.0051605319 0.0053866508 0.0056199063 0.0058605235 0.0061087347 0.0063647798 0.0066289058 0.0069013679 0.0071824291 0.0074723608 0.0077714430 0.0080799646 0.0083982233 0.0087265265 0.0090651912 0.0094145446 0.0097749237 0.0101466768 0.0105301627 0.0109257517 0.0113338259 0.0117547792 0.0121890182 0.0126369622 0.0130990436 0.0135757087 0.0140674177 0.0145746455 0.0150978819 0.0156376320 0.0161944171 0.0167687748 0.0173612597 0.0179724440 0.0186029177 0.0192532897 0.0199241881 0.0206162605 0.0213301753 0.0220666219 0.0228263114 0.0236099773 0.0244183764 0.0252522892 0.0261125210 0.0269999025 0.0279152905 0.0288595689 0.0298336495 0.0308384729 0.0318750094 0.0329442599 0.0340472568 0.0351850653 0.0363587839 0.0375695461 0.0388185210 0.0401069146 0.0414359710 0.0428069735 0.0442212460 0.0456801542 0.0471851067 0.0487375568 0.0503390036 0.0519909934 0.0536951213 0.0554530330 0.0572664259 0.0591370510 0.0610667146 0.0630572800 0.0651106694 0.0672288654 0.0694139135 0.0716679236 0.0739930722 0.0763916044 0.0788658363 0.0814181571 0.0840510312 0.0867670011 0.0895686894 0.0924588012 0.0954401275 0.0985155469 0.1016880292 0.1049606377 0.1083365325 0.1118189734 0.1154113231 0.1191170504 0.1229397336 0.1268830639 0.1309508490 0.1351470169 0.1394756194 0.1439408362 0.1485469791 0.1532984957 0.1581999743 0.1632561476 0.1684718981 0.1738522621 0.1794024349 0.1851277758 0.1910338134 0.1971262505 0.2034109701 0.2098940408 0.2165817226 0.2234804734 0.2305969546 0.2379380379 0.2455108121 0.2533225894 0.2613809131 0.2696935642 0.2782685697 0.2871142096 0.2962390254 0.3056518281 0.3153617068 0.3253780375 0.3357104921 0.3463690477 0.3573639964 0.3687059550 0.3804058753 0.3924750551 0.4049251484 0.4177681772 0.4310165428 0.4446830381 0.4587808595 0.4733236202 0.4883253627 0.5038005728 0.5197641937 0.5362316400 0.5532188129 0.5707421153 0.5888184680 0.6074653257 0.6267006940 0.6465431468 0.6670118442 0.6881265511 0.7099076559 0.7323761909 0.7555538519 0.7794630195 0.8041267807 0.8295689511 0.8558140979 0.8828875637 0.9108154911 0.9396248475 0.9693434516 1.0000000000 ]
